#N 41 min: 5.40600e-04 max: 4.66283e-01
1.00000e+00 2.48376e-01 5.01763e-02 4.70566e-02 4.33772e-02 3.67547e-02 3.98714e-02 2.70965e-02 2.76469e-02 3.54709e-02 5.04236e-02 3.75654e-02 2.56558e-02 2.17844e-02 1.97241e-02 2.05129e-02 2.89709e-02 2.51807e-02 1.52085e-02 1.60614e-02 1.44277e-02 2.25459e-02 1.85800e-02 2.42035e-02 3.59922e-02 2.70359e-02 2.37904e-02 2.66369e-02 1.44838e-02 1.57835e-02 1.70304e-02 2.42271e-02 1.07479e-02 1.04134e-02 6.17739e-03 6.36476e-03 4.24330e-03 2.21570e-03 4.47235e-03 2.77140e-03 4.42435e-03 
2.48376e-01 1.00000e+00 1.14355e-01 8.27317e-02 6.05622e-02 4.38369e-02 4.42379e-02 4.94803e-02 5.69684e-02 5.39414e-02 5.70396e-02 7.03804e-02 3.19594e-02 1.98656e-02 2.26158e-02 2.61337e-02 1.66893e-02 3.34234e-02 2.45427e-02 1.63699e-02 1.67100e-02 2.24683e-02 2.13039e-02 3.33023e-02 4.82126e-02 4.08224e-02 2.54301e-02 1.27078e-02 1.47620e-02 1.91802e-02 1.42580e-02 2.60271e-02 1.54649e-02 1.27360e-02 3.77763e-03 5.83831e-03 5.40600e-04 3.38738e-03 1.30236e-03 1.12985e-03 2.25466e-03 
5.01763e-02 1.14355e-01 1.00000e+00 2.77203e-01 1.37932e-01 9.57502e-02 8.91532e-02 8.24385e-02 8.31710e-02 9.08396e-02 1.01414e-01 7.11629e-02 4.69014e-02 3.18056e-02 3.38040e-02 3.16131e-02 3.41386e-02 3.51035e-02 3.79863e-02 2.96301e-02 2.30017e-02 2.23654e-02 2.22162e-02 3.51141e-02 5.08235e-02 4.40604e-02 3.36730e-02 2.06008e-02 2.01523e-02 1.97434e-02 2.55997e-02 3.00646e-02 1.81430e-02 5.31256e-03 8.66665e-03 6.08831e-03 2.02950e-03 2.47270e-03 2.03719e-03 2.47429e-03 2.46877e-03 
4.70566e-02 8.27317e-02 2.77203e-01 1.00000e+00 2.68342e-01 1.29644e-01 9.29069e-02 1.06348e-01 9.15510e-02 8.12184e-02 9.39487e-02 5.35229e-02 3.83593e-02 3.11652e-02 3.11862e-02 3.15901e-02 3.05094e-02 3.90849e-02 2.59225e-02 2.62441e-02 2.64742e-02 2.45406e-02 2.12516e-02 2.96379e-02 3.81924e-02 2.91044e-02 2.81091e-02 1.76930e-02 1.38201e-02 2.12388e-02 2.81549e-02 2.57282e-02 1.70150e-02 7.47338e-03 5.98502e-03 5.82397e-03 4.28246e-03 5.36674e-03 2.40727e-03 2.08841e-03 3.57214e-03 
4.33772e-02 6.05622e-02 1.37932e-01 2.68342e-01 1.00000e+00 2.45776e-01 1.34470e-01 1.29226e-01 1.05884e-01 9.39867e-02 9.24969e-02 6.57839e-02 3.59606e-02 2.96129e-02 3.01638e-02 2.72649e-02 3.08207e-02 2.51549e-02 2.72207e-02 2.46405e-02 2.13955e-02 1.79802e-02 2.31522e-02 2.46760e-02 3.29905e-02 3.29403e-02 2.99735e-02 2.09551e-02 2.00468e-02 1.94750e-02 1.68669e-02 2.13623e-02 1.34071e-02 1.35893e-02 1.10845e-02 7.95988e-03 3.74933e-03 3.01194e-03 3.82144e-03 6.63052e-03 3.30787e-03 
3.67547e-02 4.38369e-02 9.57502e-02 1.29644e-01 2.45776e-01 1.00000e+00 2.75569e-01 1.54315e-01 1.13974e-01 9.79062e-02 9.43717e-02 4.22995e-02 3.46788e-02 2.91267e-02 3.21990e-02 2.85427e-02 2.88440e-02 2.93339e-02 2.58478e-02 1.97033e-02 2.01797e-02 1.97193e-02 1.71738e-02 2.38151e-02 3.09074e-02 2.61542e-02 2.57443e-02 1.74392e-02 1.60181e-02 1.56388e-02 2.04568e-02 2.15541e-02 1.58349e-02 6.95504e-03 1.19355e-02 2.73279e-03 3.79565e-03 2.37834e-03 1.82882e-03 3.17315e-03 4.35336e-03 
3.98714e-02 4.42379e-02 8.91532e-02 9.29069e-02 1.34470e-01 2.75569e-01 1.00000e+00 2.46634e-01 9.93718e-02 8.21694e-02 7.98432e-02 4.13319e-02 2.58042e-02 2.56817e-02 2.87514e-02 2.15789e-02 2.76324e-02 2.94793e-02 2.31203e-02 1.85445e-02 1.99898e-02 1.98996e-02 2.10949e-02 2.26357e-02 2.70711e-02 2.33539e-02 2.03668e-02 1.83221e-02 1.27703e-02 1.34574e-02 1.91015e-02 1.51203e-02 1.31395e-02 1.12217e-02 5.70593e-03 5.29110e-03 3.18455e-03 4.09319e-03 1.77044e-03 4.35180e-03 3.06501e-03 
2.70965e-02 4.94803e-02 8.24385e-02 1.06348e-01 1.29226e-01 1.54315e-01 2.46634e-01 1.00000e+00 2.80353e-01 1.39605e-01 1.18501e-01 7.24839e-02 3.03346e-02 2.54676e-02 3.37506e-02 2.97287e-02 2.37495e-02 3.81153e-02 2.97883e-02 1.86679e-02 1.93098e-02 2.56224e-02 1.63963e-02 1.81290e-02 3.87786e-02 3.46561e-02 2.99741e-02 2.31282e-02 1.56440e-02 1.91288e-02 1.69664e-02 2.33387e-02 1.76358e-02 1.18343e-02 7.02032e-03 5.26055e-03 2.46596e-03 6.58123e-03 5.28065e-03 3.43589e-03 3.42822e-03 
2.76469e-02 5.69684e-02 8.31710e-02 9.15510e-02 1.05884e-01 1.13974e-01 9.93718e-02 2.80353e-01 1.00000e+00 3.02533e-01 1.62125e-01 6.44111e-02 3.19830e-02 3.15288e-02 3.55945e-02 3.60387e-02 2.73638e-02 3.41391e-02 3.06693e-02 2.39765e-02 2.30834e-02 2.31463e-02 2.17145e-02 2.42933e-02 3.33686e-02 3.35933e-02 2.80831e-02 1.77667e-02 1.73799e-02 1.76950e-02 1.90673e-02 2.55684e-02 1.77333e-02 1.60360e-02 6.45513e-03 7.35102e-03 2.33373e-03 4.56970e-03 2.81109e-03 4.87747e-03 2.73746e-03 
3.54709e-02 5.39414e-02 9.08396e-02 8.12184e-02 9.39867e-02 9.79062e-02 8.21694e-02 1.39605e-01 3.02533e-01 1.00000e+00 2.83485e-01 6.83092e-02 4.11235e-02 3.92828e-02 3.27094e-02 2.84765e-02 3.47197e-02 4.10325e-02 2.97102e-02 2.48253e-02 2.29759e-02 2.40064e-02 2.67237e-02 2.40047e-02 4.39751e-02 3.25017e-02 2.86997e-02 2.01476e-02 2.34044e-02 1.93914e-02 1.88022e-02 2.15908e-02 1.82411e-02 1.32340e-02 7.32018e-03 7.87014e-03 2.73277e-03 3.99547e-03 4.93763e-03 3.42688e-03 2.56443e-03 
5.04236e-02 5.70396e-02 1.01414e-01 9.39487e-02 9.24969e-02 9.43717e-02 7.98432e-02 1.18501e-01 1.62125e-01 2.83485e-01 1.00000e+00 1.27170e-01 4.59642e-02 4.21482e-02 3.68790e-02 3.49591e-02 4.18335e-02 4.86960e-02 3.08458e-02 2.87945e-02 2.92622e-02 3.02310e-02 2.74777e-02 3.37489e-02 4.82316e-02 3.88407e-02 3.29522e-02 2.27019e-02 2.00291e-02 1.84684e-02 2.25134e-02 2.55646e-02 2.27605e-02 1.12642e-02 6.26448e-03 5.48631e-03 2.15156e-03 3.08953e-03 2.91562e-03 2.24837e-03 3.64546e-03 
3.75654e-02 7.03804e-02 7.11629e-02 5.35229e-02 6.57839e-02 4.22995e-02 4.13319e-02 7.24839e-02 6.44111e-02 6.83092e-02 1.27170e-01 1.00000e+00 1.88489e-01 1.00271e-01 8.07018e-02 7.02832e-02 7.00426e-02 9.05853e-02 6.08647e-02 4.90059e-02 5.20487e-02 4.22969e-02 3.87440e-02 5.93411e-02 1.12287e-01 5.36560e-02 4.69325e-02 2.29198e-02 2.32967e-02 1.90264e-02 3.25919e-02 4.70028e-02 1.85369e-02 1.15811e-02 5.30873e-03 4.82625e-03 2.94946e-03 3.64024e-03 2.58383e-03 2.80198e-03 2.23659e-03 
2.56558e-02 3.19594e-02 4.69014e-02 3.83593e-02 3.59606e-02 3.46788e-02 2.58042e-02 3.03346e-02 3.19830e-02 4.11235e-02 4.59642e-02 1.88489e-01 1.00000e+00 3.20019e-01 1.26699e-01 1.08802e-01 1.04158e-01 8.92099e-02 7.30631e-02 6.61375e-02 6.02167e-02 5.75054e-02 4.72552e-02 6.66086e-02 7.40371e-02 4.59716e-02 3.26942e-02 3.16373e-02 2.78212e-02 2.72369e-02 3.58572e-02 3.82602e-02 1.81412e-02 1.41252e-02 1.03130e-02 5.64496e-03 3.32067e-03 2.88988e-03 2.33328e-03 1.73504e-03 4.61646e-03 
2.17844e-02 1.98656e-02 3.18056e-02 3.11652e-02 2.96129e-02 2.91267e-02 2.56817e-02 2.54676e-02 3.15288e-02 3.92828e-02 4.21482e-02 1.00271e-01 3.20019e-01 1.00000e+00 2.41215e-01 1.35706e-01 1.06715e-01 9.98393e-02 7.64578e-02 7.34233e-02 5.84846e-02 5.75596e-02 6.09176e-02 5.87229e-02 7.41756e-02 4.09722e-02 3.95712e-02 3.03252e-02 2.86653e-02 2.10180e-02 2.80782e-02 3.40058e-02 1.89046e-02 1.05613e-02 6.80523e-03 6.34387e-03 3.33898e-03 3.19640e-03 4.69229e-03 2.03538e-03 2.61108e-03 
1.97241e-02 2.26158e-02 3.38040e-02 3.11862e-02 3.01638e-02 3.21990e-02 2.87514e-02 3.37506e-02 3.55945e-02 3.27094e-02 3.68790e-02 8.07018e-02 1.26699e-01 2.41215e-01 1.00000e+00 3.01462e-01 1.44223e-01 1.21549e-01 8.07771e-02 6.21199e-02 5.62240e-02 7.03654e-02 6.02583e-02 6.41622e-02 6.69925e-02 4.46178e-02 4.48376e-02 2.58925e-02 2.00520e-02 2.63648e-02 2.60727e-02 3.02843e-02 2.38920e-02 1.60542e-02 1.28917e-02 7.17987e-03 3.88921e-03 4.99890e-03 6.48657e-03 2.81369e-03 6.23869e-03 
2.05129e-02 2.61337e-02 3.16131e-02 3.15901e-02 2.72649e-02 2.85427e-02 2.15789e-02 2.97287e-02 3.60387e-02 2.84765e-02 3.49591e-02 7.02832e-02 1.08802e-01 1.35706e-01 3.01462e-01 1.00000e+00 3.02116e-01 1.54502e-01 7.79777e-02 5.98188e-02 6.70213e-02 5.95625e-02 5.48978e-02 6.78326e-02 6.24667e-02 3.47201e-02 3.26756e-02 1.89125e-02 2.98650e-02 2.59553e-02 3.39339e-02 2.93616e-02 2.10978e-02 1.04974e-02 8.05245e-03 6.30548e-03 4.42503e-03 3.46588e-03 2.33195e-03 2.89009e-03 4.90220e-03 
2.89709e-02 1.66893e-02 3.41386e-02 3.05094e-02 3.08207e-02 2.88440e-02 2.76324e-02 2.37495e-02 2.73638e-02 3.47197e-02 4.18335e-02 7.00426e-02 1.04158e-01 1.06715e-01 1.44223e-01 3.02116e-01 1.00000e+00 2.42318e-01 9.23968e-02 8.19857e-02 6.50075e-02 7.10316e-02 6.64784e-02 7.07904e-02 6.63772e-02 4.03957e-02 2.97624e-02 2.09038e-02 2.50418e-02 2.79885e-02 3.11974e-02 2.11324e-02 1.82182e-02 1.12026e-02 7.12026e-03 3.66811e-03 1.83411e-03 4.46930e-03 2.94570e-03 3.19440e-03 4.78092e-03 
2.51807e-02 3.34234e-02 3.51035e-02 3.90849e-02 2.51549e-02 2.93339e-02 2.94793e-02 3.81153e-02 3.41391e-02 4.10325e-02 4.86960e-02 9.05853e-02 8.92099e-02 9.98393e-02 1.21549e-01 1.54502e-01 2.42318e-01 1.00000e+00 1.73861e-01 1.04203e-01 8.50446e-02 9.39681e-02 7.05244e-02 8.49524e-02 1.03048e-01 5.01701e-02 4.25985e-02 2.88513e-02 2.08147e-02 2.34217e-02 2.83560e-02 3.71931e-02 2.13438e-02 1.19044e-02 7.28257e-03 5.79813e-03 1.98961e-03 3.26513e-03 3.42370e-03 2.67318e-03 2.07450e-03 
1.52085e-02 2.45427e-02 3.79863e-02 2.59225e-02 2.72207e-02 2.58478e-02 2.31203e-02 2.97883e-02 3.06693e-02 2.97102e-02 3.08458e-02 6.08647e-02 7.30631e-02 7.64578e-02 8.07771e-02 7.79777e-02 9.23968e-02 1.73861e-01 1.00000e+00 2.90717e-01 1.56296e-01 1.22603e-01 9.11302e-02 1.05262e-01 7.84149e-02 4.61611e-02 4.40779e-02 2.89202e-02 2.21422e-02 3.27375e-02 2.89211e-02 2.50597e-02 1.94304e-02 1.36871e-02 1.07463e-02 4.79798e-03 4.61358e-03 6.10291e-03 3.70485e-03 2.24988e-03 4.16903e-03 
1.60614e-02 1.63699e-02 2.96301e-02 2.62441e-02 2.46405e-02 1.97033e-02 1.85445e-02 1.86679e-02 2.39765e-02 2.48253e-02 2.87945e-02 4.90059e-02 6.61375e-02 7.34233e-02 6.21199e-02 5.98188e-02 8.19857e-02 1.04203e-01 2.90717e-01 1.00000e+00 3.22894e-01 1.52271e-01 1.16220e-01 1.04495e-01 7.71896e-02 3.17991e-02 2.80213e-02 2.70713e-02 2.66093e-02 2.45359e-02 2.90531e-02 2.02784e-02 1.75886e-02 1.27541e-02 9.07917e-03 6.01364e-03 3.89785e-03 1.74455e-03 3.01831e-03 2.90945e-03 4.64475e-03 
1.44277e-02 1.67100e-02 2.30017e-02 2.64742e-02 2.13955e-02 2.01797e-02 1.99898e-02 1.93098e-02 2.30834e-02 2.29759e-02 2.92622e-02 5.20487e-02 6.02167e-02 5.84846e-02 5.62240e-02 6.70213e-02 6.50075e-02 8.50446e-02 1.56296e-01 3.22894e-01 1.00000e+00 2.91347e-01 1.54242e-01 1.21282e-01 8.08431e-02 3.36508e-02 3.79555e-02 2.14268e-02 1.85690e-02 2.11295e-02 2.73754e-02 2.55414e-02 1.97292e-02 1.04153e-02 7.41424e-03 4.58347e-03 3.50137e-03 4.98624e-03 3.45074e-03 3.32629e-03 4.97831e-03 
2.25459e-02 2.24683e-02 2.23654e-02 2.45406e-02 1.79802e-02 1.97193e-02 1.98996e-02 2.56224e-02 2.31463e-02 2.40064e-02 3.02310e-02 4.22969e-02 5.75054e-02 5.75596e-02 7.03654e-02 5.95625e-02 7.10316e-02 9.39681e-02 1.22603e-01 1.52271e-01 2.91347e-01 1.00000e+00 2.95304e-01 1.57294e-01 9.71226e-02 4.17764e-02 3.75102e-02 3.04007e-02 2.41470e-02 2.28221e-02 2.78857e-02 3.12209e-02 1.91307e-02 1.62324e-02 8.77970e-03 7.87877e-03 2.91815e-03 3.04750e-03 4.39382e-03 3.55770e-03 4.31043e-03 
1.85800e-02 2.13039e-02 2.22162e-02 2.12516e-02 2.31522e-02 1.71738e-02 2.10949e-02 1.63963e-02 2.17145e-02 2.67237e-02 2.74777e-02 3.87440e-02 4.72552e-02 6.09176e-02 6.02583e-02 5.48978e-02 6.64784e-02 7.05244e-02 9.11302e-02 1.16220e-01 1.54242e-01 2.95304e-01 1.00000e+00 2.77340e-01 9.90763e-02 3.22759e-02 3.04186e-02 3.33238e-02 3.35802e-02 2.15025e-02 2.71456e-02 3.52536e-02 2.14984e-02 8.85243e-03 8.75237e-03 6.76338e-03 4.88481e-03 3.53170e-03 2.26307e-03 1.17799e-03 5.09323e-03 
2.42035e-02 3.33023e-02 3.51141e-02 2.96379e-02 2.46760e-02 2.38151e-02 2.26357e-02 1.81290e-02 2.42933e-02 2.40047e-02 3.37489e-02 5.93411e-02 6.66086e-02 5.87229e-02 6.41622e-02 6.78326e-02 7.07904e-02 8.49524e-02 1.05262e-01 1.04495e-01 1.21282e-01 1.57294e-01 2.77340e-01 1.00000e+00 1.94734e-01 4.98992e-02 4.14459e-02 2.91839e-02 3.49950e-02 3.26044e-02 3.56984e-02 3.55304e-02 2.59048e-02 1.23005e-02 8.55106e-03 4.22900e-03 2.93690e-03 2.76037e-03 4.24516e-03 2.14833e-03 3.36842e-03 
3.59922e-02 4.82126e-02 5.08235e-02 3.81924e-02 3.29905e-02 3.09074e-02 2.70711e-02 3.87786e-02 3.33686e-02 4.39751e-02 4.82316e-02 1.12287e-01 7.40371e-02 7.41756e-02 6.69925e-02 6.24667e-02 6.63772e-02 1.03048e-01 7.84149e-02 7.71896e-02 8.08431e-02 9.71226e-02 9.90763e-02 1.94734e-01 1.00000e+00 1.42047e-01 8.81834e-02 4.55983e-02 3.15957e-02 3.82738e-02 5.26567e-02 6.03841e-02 2.88545e-02 1.46987e-02 1.10448e-02 6.88775e-03 1.74695e-03 2.86689e-03 2.70550e-03 3.39031e-03 3.90317e-03 
2.70359e-02 4.08224e-02 4.40604e-02 2.91044e-02 3.29403e-02 2.61542e-02 2.33539e-02 3.46561e-02 3.35933e-02 3.25017e-02 3.88407e-02 5.36560e-02 4.59716e-02 4.09722e-02 4.46178e-02 3.47201e-02 4.03957e-02 5.01701e-02 4.61611e-02 3.17991e-02 3.36508e-02 4.17764e-02 3.22759e-02 4.98992e-02 1.42047e-01 1.00000e+00 2.90829e-01 1.10871e-01 7.57073e-02 8.62174e-02 9.58584e-02 1.16695e-01 5.18478e-02 2.98972e-02 1.92450e-02 1.10808e-02 6.07516e-03 6.59823e-03 8.19596e-03 5.84064e-03 5.82761e-03 
2.37904e-02 2.54301e-02 3.36730e-02 2.81091e-02 2.99735e-02 2.57443e-02 2.03668e-02 2.99741e-02 2.80831e-02 2.86997e-02 3.29522e-02 4.69325e-02 3.26942e-02 3.95712e-02 4.48376e-02 3.26756e-02 2.97624e-02 4.25985e-02 4.40779e-02 2.80213e-02 3.79555e-02 3.75102e-02 3.04186e-02 4.14459e-02 8.81834e-02 2.90829e-01 1.00000e+00 2.37130e-01 1.19903e-01 1.20875e-01 1.03992e-01 1.09518e-01 4.93475e-02 3.83360e-02 2.39443e-02 1.65597e-02 9.29399e-03 7.64712e-03 9.49884e-03 6.76910e-03 5.87305e-03 
2.66369e-02 1.27078e-02 2.06008e-02 1.76930e-02 2.09551e-02 1.74392e-02 1.83221e-02 2.31282e-02 1.77667e-02 2.01476e-02 2.27019e-02 2.29198e-02 3.16373e-02 3.03252e-02 2.58925e-02 1.89125e-02 2.09038e-02 2.88513e-02 2.89202e-02 2.70713e-02 2.14268e-02 3.04007e-02 3.33238e-02 2.91839e-02 4.55983e-02 1.10871e-01 2.37130e-01 1.00000e+00 3.42114e-01 2.11879e-01 1.33429e-01 9.47428e-02 6.42647e-02 3.02428e-02 3.10756e-02 1.45237e-02 1.12782e-02 5.45816e-03 3.64480e-03 6.32403e-03 6.30993e-03 
1.44838e-02 1.47620e-02 2.01523e-02 1.38201e-02 2.00468e-02 1.60181e-02 1.27703e-02 1.56440e-02 1.73799e-02 2.34044e-02 2.00291e-02 2.32967e-02 2.78212e-02 2.86653e-02 2.00520e-02 2.98650e-02 2.50418e-02 2.08147e-02 2.21422e-02 2.66093e-02 1.85690e-02 2.41470e-02 3.35802e-02 3.49950e-02 3.15957e-02 7.57073e-02 1.19903e-01 3.42114e-01 1.00000e+00 3.45604e-01 1.63426e-01 1.05719e-01 6.93206e-02 3.68044e-02 2.94002e-02 1.76383e-02 7.66907e-03 6.34047e-03 5.00379e-03 8.01415e-03 4.66450e-03 
1.57835e-02 1.91802e-02 1.97434e-02 2.12388e-02 1.94750e-02 1.56388e-02 1.34574e-02 1.91288e-02 1.76950e-02 1.93914e-02 1.84684e-02 1.90264e-02 2.72369e-02 2.10180e-02 2.63648e-02 2.59553e-02 2.79885e-02 2.34217e-02 3.27375e-02 2.45359e-02 2.11295e-02 2.28221e-02 2.15025e-02 3.26044e-02 3.82738e-02 8.62174e-02 1.20875e-01 2.11879e-01 3.45604e-01 1.00000e+00 2.70975e-01 1.43312e-01 7.79674e-02 5.39901e-02 3.08841e-02 2.33353e-02 7.66079e-03 6.46184e-03 6.03356e-03 1.01608e-02 6.75878e-03 
1.70304e-02 1.42580e-02 2.55997e-02 2.81549e-02 1.68669e-02 2.04568e-02 1.91015e-02 1.69664e-02 1.90673e-02 1.88022e-02 2.25134e-02 3.25919e-02 3.58572e-02 2.80782e-02 2.60727e-02 3.39339e-02 3.11974e-02 2.83560e-02 2.89211e-02 2.90531e-02 2.73754e-02 2.78857e-02 2.71456e-02 3.56984e-02 5.26567e-02 9.58584e-02 1.03992e-01 1.33429e-01 1.63426e-01 2.70975e-01 1.00000e+00 2.91551e-01 1.15770e-01 5.25489e-02 3.12876e-02 2.72771e-02 1.12182e-02 8.94074e-03 7.46763e-03 7.40398e-03 1.01578e-02 
2.42271e-02 2.60271e-02 3.00646e-02 2.57282e-02 2.13623e-02 2.15541e-02 1.51203e-02 2.33387e-02 2.55684e-02 2.15908e-02 2.55646e-02 4.70028e-02 3.82602e-02 3.40058e-02 3.02843e-02 2.93616e-02 2.11324e-02 3.71931e-02 2.50597e-02 2.02784e-02 2.55414e-02 3.12209e-02 3.52536e-02 3.55304e-02 6.03841e-02 1.16695e-01 1.09518e-01 9.47428e-02 1.05719e-01 1.43312e-01 2.91551e-01 1.00000e+00 2.35246e-01 8.65206e-02 5.84816e-02 4.53822e-02 1.14412e-02 7.96560e-03 6.89077e-03 8.96704e-03 6.95881e-03 
1.07479e-02 1.54649e-02 1.81430e-02 1.70150e-02 1.34071e-02 1.58349e-02 1.31395e-02 1.76358e-02 1.77333e-02 1.82411e-02 2.27605e-02 1.85369e-02 1.81412e-02 1.89046e-02 2.38920e-02 2.10978e-02 1.82182e-02 2.13438e-02 1.94304e-02 1.75886e-02 1.97292e-02 1.91307e-02 2.14984e-02 2.59048e-02 2.88545e-02 5.18478e-02 4.93475e-02 6.42647e-02 6.93206e-02 7.79674e-02 1.15770e-01 2.35246e-01 1.00000e+00 3.32553e-01 1.69400e-01 9.94207e-02 2.20942e-02 1.92279e-02 1.55245e-02 1.89196e-02 1.66377e-02 
1.04134e-02 1.27360e-02 5.31256e-03 7.47338e-03 1.35893e-02 6.95504e-03 1.12217e-02 1.18343e-02 1.60360e-02 1.32340e-02 1.12642e-02 1.15811e-02 1.41252e-02 1.05613e-02 1.60542e-02 1.04974e-02 1.12026e-02 1.19044e-02 1.36871e-02 1.27541e-02 1.04153e-02 1.62324e-02 8.85243e-03 1.23005e-02 1.46987e-02 2.98972e-02 3.83360e-02 3.02428e-02 3.68044e-02 5.39901e-02 5.25489e-02 8.65206e-02 3.32553e-01 1.00000e+00 3.66529e-01 1.55264e-01 3.50432e-02 2.60399e-02 2.96291e-02 2.81693e-02 2.17825e-02 
6.17739e-03 3.77763e-03 8.66665e-03 5.98502e-03 1.10845e-02 1.19355e-02 5.70593e-03 7.02032e-03 6.45513e-03 7.32018e-03 6.26448e-03 5.30873e-03 1.03130e-02 6.80523e-03 1.28917e-02 8.05245e-03 7.12026e-03 7.28257e-03 1.07463e-02 9.07917e-03 7.41424e-03 8.77970e-03 8.75237e-03 8.55106e-03 1.10448e-02 1.92450e-02 2.39443e-02 3.10756e-02 2.94002e-02 3.08841e-02 3.12876e-02 5.84816e-02 1.69400e-01 3.66529e-01 1.00000e+00 4.66283e-01 6.50633e-02 4.63420e-02 4.29782e-02 3.50921e-02 2.84487e-02 
6.36476e-03 5.83831e-03 6.08831e-03 5.82397e-03 7.95988e-03 2.73279e-03 5.29110e-03 5.26055e-03 7.35102e-03 7.87014e-03 5.48631e-03 4.82625e-03 5.64496e-03 6.34387e-03 7.17987e-03 6.30548e-03 3.66811e-03 5.79813e-03 4.79798e-03 6.01364e-03 4.58347e-03 7.87877e-03 6.76338e-03 4.22900e-03 6.88775e-03 1.10808e-02 1.65597e-02 1.45237e-02 1.76383e-02 2.33353e-02 2.72771e-02 4.53822e-02 9.94207e-02 1.55264e-01 4.66283e-01 1.00000e+00 1.79177e-01 7.83964e-02 7.81442e-02 5.61717e-02 5.63685e-02 
4.24330e-03 5.40600e-04 2.02950e-03 4.28246e-03 3.74933e-03 3.79565e-03 3.18455e-03 2.46596e-03 2.33373e-03 2.73277e-03 2.15156e-03 2.94946e-03 3.32067e-03 3.33898e-03 3.88921e-03 4.42503e-03 1.83411e-03 1.98961e-03 4.61358e-03 3.89785e-03 3.50137e-03 2.91815e-03 4.88481e-03 2.93690e-03 1.74695e-03 6.07516e-03 9.29399e-03 1.12782e-02 7.66907e-03 7.66079e-03 1.12182e-02 1.14412e-02 2.20942e-02 3.50432e-02 6.50633e-02 1.79177e-01 1.00000e+00 3.48708e-01 1.92886e-01 1.21601e-01 8.13342e-02 
2.21570e-03 3.38738e-03 2.47270e-03 5.36674e-03 3.01194e-03 2.37834e-03 4.09319e-03 6.58123e-03 4.56970e-03 3.99547e-03 3.08953e-03 3.64024e-03 2.88988e-03 3.19640e-03 4.99890e-03 3.46588e-03 4.46930e-03 3.26513e-03 6.10291e-03 1.74455e-03 4.98624e-03 3.04750e-03 3.53170e-03 2.76037e-03 2.86689e-03 6.59823e-03 7.64712e-03 5.45816e-03 6.34047e-03 6.46184e-03 8.94074e-03 7.96560e-03 1.92279e-02 2.60399e-02 4.63420e-02 7.83964e-02 3.48708e-01 1.00000e+00 3.28062e-01 1.28396e-01 9.30690e-02 
4.47235e-03 1.30236e-03 2.03719e-03 2.40727e-03 3.82144e-03 1.82882e-03 1.77044e-03 5.28065e-03 2.81109e-03 4.93763e-03 2.91562e-03 2.58383e-03 2.33328e-03 4.69229e-03 6.48657e-03 2.33195e-03 2.94570e-03 3.42370e-03 3.70485e-03 3.01831e-03 3.45074e-03 4.39382e-03 2.26307e-03 4.24516e-03 2.70550e-03 8.19596e-03 9.49884e-03 3.64480e-03 5.00379e-03 6.03356e-03 7.46763e-03 6.89077e-03 1.55245e-02 2.96291e-02 4.29782e-02 7.81442e-02 1.92886e-01 3.28062e-01 1.00000e+00 2.76098e-01 1.42915e-01 
2.77140e-03 1.12985e-03 2.47429e-03 2.08841e-03 6.63052e-03 3.17315e-03 4.35180e-03 3.43589e-03 4.87747e-03 3.42688e-03 2.24837e-03 2.80198e-03 1.73504e-03 2.03538e-03 2.81369e-03 2.89009e-03 3.19440e-03 2.67318e-03 2.24988e-03 2.90945e-03 3.32629e-03 3.55770e-03 1.17799e-03 2.14833e-03 3.39031e-03 5.84064e-03 6.76910e-03 6.32403e-03 8.01415e-03 1.01608e-02 7.40398e-03 8.96704e-03 1.89196e-02 2.81693e-02 3.50921e-02 5.61717e-02 1.21601e-01 1.28396e-01 2.76098e-01 1.00000e+00 3.58770e-01 
4.42435e-03 2.25466e-03 2.46877e-03 3.57214e-03 3.30787e-03 4.35336e-03 3.06501e-03 3.42822e-03 2.73746e-03 2.56443e-03 3.64546e-03 2.23659e-03 4.61646e-03 2.61108e-03 6.23869e-03 4.90220e-03 4.78092e-03 2.07450e-03 4.16903e-03 4.64475e-03 4.97831e-03 4.31043e-03 5.09323e-03 3.36842e-03 3.90317e-03 5.82761e-03 5.87305e-03 6.30993e-03 4.66450e-03 6.75878e-03 1.01578e-02 6.95881e-03 1.66377e-02 2.17825e-02 2.84487e-02 5.63685e-02 8.13342e-02 9.30690e-02 1.42915e-01 3.58770e-01 1.00000e+00 
