59196
47312
10967
23454
57880
29621
51393
41670
24345
12683
26020
2485
17612
38261
53464
18810
27310
1203
62373
58984
9565
7358
55133
61742
58069
59995
3861
13769
39636
65151
63114
18835
37451
19140
4331
38917
51862
38388
62394
41775
58668
8779
15392
55231
3260
24159
23968
47105
26809
12029
45725
56503
7049
60683
64710
53697
41414
43342
21380
25684
53237
58023
55654
57132
30320
36688
24195
3731
60033
28894
31785
38443
13084
61070
20748
63401
56137
30281
28178
60193
31933
20296
42973
61230
60065
1390
50344
13237
64559
16907
24409
22591
31702
188
64908
23683
49495
42749
57449
22223
63306
12172
14637
49670
7720
39191
12756
29062
60155
41226
41719
50284
45328
20993
9814
60832
23887
5984
61538
15075
23701
32264
464
42706
54779
37026
58565
13924
34563
33376
22648
23499
36439
46155
51696
19877
23103
44325
12700
63082
12810
41685
64895
27417
28917
49043
5977
84
13970
1910
40025
34204
52253
58123
9267
39490
58983
10926
6274
50519
45633
15450
35709
3971
26882
52449
23935
50571
40715
21648
43158
40239
54069
19481
29403
27195
10786
21404
64461
20738
21271
30082
6286
51367
57861
24251
6147
9082
39921
23018
24169
46822
31808
30008
28971
13226
51689
15939
5945
12305
48373
18108
48076
51344
5956
23300
57699
19984
30823
33082
63169
45662
56475
49954
56898
1884
35660
6694
63365
1021
50747
61630
1842
45376
31146
54445
58144
62706
8497
47796
47918
50057
31136
60299
37438
40955
52884
2826
38823
1113
47538
59162
8448
18834
47906
7825
33607
6760
41718
9152
56662
39088
443
23784
22125
2275
65407
56834
4625
21588
14366
3976
21248
52343
19856
58807
36910
10516
49013
48226
39578
42536
21881
5561
1444
53168
52296
12631
59634
3329
43044
12679
58888
23668
58568
37618
30718
17493
20776
53488
20788
40588
57795
48043
43799
63871
27567
304
52015
29672
14858
59047
55641
26438
586
4811
300
28910
47388
26651
29089
54413
63661
23651
37550
28210
14845
7088
5744
17292
2063
17995
31086
57135
28528
5404
17491
11770
35708
19709
63619
40778
39364
47935
41426
55397
20769
43863
59262
5275
33494
20473
41015
36089
30216
13334
22611
51030
57638
24739
654
31269
58523
16090
16891
42695
7029
42464
41086
46391
18548
52888
37822
50337
27528
16532
3449
7767
28474
21499
17332
53556
52405
442
33875
39486
11839
7050
43506
57949
56707
64948
13668
9370
33133
34882
46003
34993
6188
22850
12742
63127
40084
49807
28917
3974
60383
62635
9088
64011
52671
49218
49560
46472
35685
56047
22963
19401
29951
57923
32316
63852
25197
25925
30908
38152
28892
20004
47234
65458
13016
42318
44365
64324
50880
25241
57202
7997
5630
45570
4695
31968
47029
42904
1864
11984
42965
37163
10490
32131
49958
44817
4379
37501
37496
51221
44631
33009
5584
33823
15022
52640
34925
61926
834
42495
46283
17185
26813
5119
35718
25396
25340
31981
57056
13520
606
62738
57427
21465
55916
8961
2611
63105
15218
56607
34933
23832
31887
24555
2292
23343
3023
17776
44492
14113
12011
30792
26133
58330
4998
14547
42519
13554
5944
11435
7700
31067
661
2950
30391
33601
32770
4204
41138
26801
41425
53591
60495
18757
62395
15971
31874
30366
58621
4929
9700
51464
58293
54429
56665
52535
31442
39990
31255
62092
2078
21181
52936
37820
52319
37825
12949
52964
40957
63990
45820
64633
29064
60789
49294
35758
11865
18628
3769
2602
35194
17918
59730
4013
48261
61508
25912
53874
26956
21186
47983
22309
40037
7151
19828
24581
59682
28798
53450
36176
15990
5637
55196
9469
28228
2216
63522
58995
52015
4700
40999
29138
19426
29061
33594
49312
48713
25719
20742
8172
18767
8755
85
7805
33754
12854
8387
18337
25754
9527
12722
30769
40892
21374
37818
54137
16796
46694
26294
52731
38879
43483
35360
44894
23934
57345
49706
19433
42784
27559
31031
50472
55742
29185
57666
58680
64458
9274
14142
27182
11834
22205
9972
60202
6587
9946
16128
12689
3126
1774
46526
6155
25343
58254
15381
57351
14151
7632
61043
36720
140
20469
58568
27456
2720
48033
36915
46087
41834
22635
3750
56024
60169
14914
22908
41591
36656
2336
27606
51343
4154
26595
64238
20604
62090
31352
46698
58891
60973
7626
13644
28104
11353
28096
41591
51301
50467
21622
51112
11896
47685
9
20420
22314
9824
55860
12043
14160
10591
26341
14899
8520
47443
33080
32444
35079
23801
53476
11343
31353
53277
38863
48330
51847
36877
9043
25083
64063
16374
19130
25560
15526
562
13148
44383
4278
31317
50692
35614
62930
52366
64759
52241
61475
14575
49729
21560
48051
48475
47567
1635
28291
29787
58015
22661
34099
19757
17486
19209
47242
4624
11999
44432
36027
27669
31379
50227
50635
56225
12184
53531
43758
16608
55620
60287
3683
32841
9356
5513
43255
65195
34673
1485
2755
48390
10716
61556
13857
59612
12594
537
40641
11312
6139
22209
35799
35772
6712
32626
65490
31937
58097
41593
41173
28345
20041
14740
11460
17247
678
17640
11275
30538
14308
19456
20602
40022
11040
28587
6480
509
48186
12054
5449
48167
45034
34662
65399
54748
11416
34844
20693
54726
8153
34438
23383
12203
19669
12806
13911
3864
58930
18030
31500
55655
5758
41780
27294
15276
61335
34783
32163
64842
40804
44162
56572
3645
55472
21600
7777
22465
45192
25519
40512
61814
30148
57825
25312
31136
47641
21524
17155
5562
24738
19230
20501
59763
50770
24725
59609
5419
51178
63252
1738
21951
10655
47564
30198
18806
46978
2716
43503
52767
61711
22856
14132
43877
54814
45987
45739
33319
11040
8379
501
20753
52401
57717
15716
59929
25045
32811
27856
32673
57256
49548
6127
8163
3691
30893
22290
22751
18284
50765
46224
59591
14638
61786
55202
37814
23485
9988
21493
63166
32883
64393
3611
31112
7453
9524
14730
47902
30659
34087
20693
5581
50849
39857
25734
45559
54747
64990
7089
22198
7838
52015
39002
43336
39373
19200
59992
39660
4433
41765
33592
46344
59140
18166
29770
28614
41597
60318
4499
44666
19476
50158
1244
42341
14786
9568
13984
46500
43606
29628
56231
24355
20177
26501
43243
19196
41369
29344
31500
2623
16318
33481
36986
20018
786
45585
22342
43734
15912
58625
31879
41701
31567
50584
49709
48720
26593
54092
52401
23261
58619
